camera -10,2.7,-1 0,0,0
light 8,1.7,-10 0.4
light -8,1.7,-10 0.4
ambient 0.2
cylindre 4,0,4 0,1,0 0.6 10 220,220,220
cylindre 4,0,-4 0,1,0 0.6 10 220,220,220
cylindre -4,0,4 0,1,0 0.6 10 220,220,220
cylindre -4,0,-4 0,1,0 0.6 10 220,220,220
sphere 0,-1.8,-4.7 0.4 10 250,0,0
sphere 4,3,4 1 10 220,220,220
sphere 4,3,-4 1 10 220,220,220
sphere -4,3,4 1 10 220,220,220
sphere -4,3,-4 1 10 220,220,220
sphere 4,-3,4 1 10 220,220,220
sphere 4,-3,-4 1 10 220,220,220
sphere -4,-3,4 1 10 220,220,220
sphere -4,-3,-4 1 10 220,220,220
plane 0,0,6 0,0,-1 250 0,50,200
plane 0,-3,0 0,1,0 250 150,150,150
plane 0,3,0 0,-1,0 250 150,150,150
